world: 0c52527c-f895-4989-828f-80caa9f6e8b5
world-name: Spawn
x: -83.54858738758774
y: 93.0
z: 90.4532210261402
yaw: 91.17965698242188
pitch: 0.1752254068851471
name: Mascotas
lastowner: 0d45db84-9179-4b23-93b7-38a90642b372
