world: 0c52527c-f895-4989-828f-80caa9f6e8b5
world-name: Spawn
x: 35.44846219160183
y: 87.0
z: 102.07179418320693
yaw: -46.66396713256836
pitch: 0.9826364517211914
name: Pesca
lastowner: 0d45db84-9179-4b23-93b7-38a90642b372
